0
1.0743682384490967
0.6240694522857666
0.46056803067525226
0.4061344265937805
0.3494515895843506
0.3363460699717204
0.314798150743757
0.3041331171989441
0.289048433303833
0.2949272394180298
0.27560613372109155
0.26767563819885254
0.2661269261286809
0.2592658996582031
0.24537402788798016
0.24750392138957977
0.23792467397802017
0.23557685481177437
0.23024167512592517
0.22981131076812744
0.23373948960077195
0.224375074559992
0.22515665966531503
0.2230025827884674
0.22198674201965332
0.21660678203289324
0.21758125446460866
0.21440197740282332
0.21770758464418608
0.213192351659139
0.21391808602117723
0.21598510444164276
0.21485491232438522
0.219986733268289
0.2185136181967599
0.2194999721315172
0.21868509215277596
0.21485968012558787
0.21789183983435997
0.21226488351821898
0.21274599796388208
0.20919884954180037
0.2130645042242006
0.21155015446922995
0.212587218814426
0.21964690477951712
0.22091872134107224
0.2168105443318685
0.2135647705623082
0.21821825027465822
0.2150127653982125
0.2144632339477539
0.21553400777420909
0.21477715615872983
0.2175448157570579
0.21606980051313127
0.21839182836967602
0.22075959320726066
0.22281778464883062
0.2281084895133972